 CONFIG NUMBER : 1 
3 1 1 1e-6
Montage_25.txt      25	0.999902	0.988072	9.79347e-05
Montage_50.txt      50	0.99928	0.987136	0.000719606
CyberShake_30.txt      30	0.995047	0.97229	0.00495306
CyberShake_50.txt      49	0.916465	0.830566	0.0835352
Inspiral_30.txt      30	0.784195	0.671325	0.215805
Inspiral_50.txt      50	0.681717	0.0958596	0.318283
Sipht_30.txt       0	0.357281	0.142265	0.642719
Sipht_60.txt      58	0.53475	0.014687	0.46525
---------------------------------------------------------

 CONFIG NUMBER : 2 
3 0.8 1 1e-6
Montage_25.txt      25	0.999762	0.990484	0.000238313
Montage_50.txt      50	0.998927	0.999438	0.0010728
CyberShake_30.txt      30	0.975508	0.999557	0.024492
CyberShake_50.txt      50	0.974323	0.822831	0.0256769
Inspiral_30.txt      30	0.537557	0.817966	0.462443
Inspiral_50.txt      50	0.749176	0.0970762	0.250824
Sipht_30.txt      28	0.679488	0.968427	0.320512
Sipht_60.txt      58	0.88079	0.393826	0.11921
---------------------------------------------------------

 CONFIG NUMBER : 3 
3 1 0 1e-6
Montage_25.txt      25	0.999634	0.98983	0.000365534
Montage_50.txt      50	0.999395	0.985266	0.000605233
CyberShake_30.txt      30	0.996324	0.990967	0.00367611
CyberShake_50.txt      50	0.986455	0.72561	0.0135447
Inspiral_30.txt      30	0.674928	0.0206709	0.325072
Inspiral_50.txt      50	0.493776	0.0177663	0.506224
Sipht_30.txt       0	0.150707	0.0540026	0.849293
Sipht_60.txt      49	0.225106	0.102755	0.774894
---------------------------------------------------------

 CONFIG NUMBER : 4 
3 0.8 0 1e-6
Montage_25.txt      25	0.999726	0.999816	0.000273603
Montage_50.txt      50	0.999239	0.999303	0.000761405
CyberShake_30.txt      30	0.993109	0.999421	0.0068906
CyberShake_50.txt      50	0.996319	0.790803	0.00368064
Inspiral_30.txt      30	0.880936	0.38754	0.119064
Inspiral_50.txt      50	0.582928	0.0765811	0.417072
Sipht_30.txt      21	0.360361	0.728155	0.639639
Sipht_60.txt      58	0.242732	0.593209	0.757268
---------------------------------------------------------

 CONFIG NUMBER : 5 
4 1 1 1e-6
Montage_25.txt      23	0.999722	0.998894	0.000278083
Montage_50.txt      50	0.999398	0.993079	0.000602211
CyberShake_30.txt      30	0.978607	0.972635	0.0213931
CyberShake_50.txt      50	0.977009	0.905812	0.0229908
Inspiral_30.txt      30	0.859775	0.153489	0.140225
Inspiral_50.txt      50	0.462246	0.00253415	0.537754
Sipht_30.txt       0	0.419945	0.0650859	0.580055
Sipht_60.txt      58	0.656729	5.63909e-05	0.343271
---------------------------------------------------------

 CONFIG NUMBER : 6 
4 0.8 1 1e-6
Montage_25.txt      25	0.999767	0.996832	0.000232588
Montage_50.txt      50	0.998922	0.993205	0.0010782
CyberShake_30.txt      30	0.999138	0.999503	0.000861613
CyberShake_50.txt      50	0.996332	0.808224	0.00366848
Inspiral_30.txt      30	0.861469	0.249115	0.138531
Inspiral_50.txt      50	0.562418	0.00794799	0.437582
Sipht_30.txt       0	0.234178	0.0579206	0.765822
Sipht_60.txt      58	0.0728317	0.000143596	0.927168
---------------------------------------------------------

 CONFIG NUMBER : 7 
5 1 1 1e-6
Montage_25.txt      25	0.999829	0.980771	0.000171349
Montage_50.txt      46	0.979677	0.983616	0.0203227
CyberShake_30.txt      26	0.986452	0.989437	0.0135477
CyberShake_50.txt      50	0.998879	0.843698	0.00112098
Inspiral_30.txt      29	0.895312	0.120831	0.104688
Inspiral_50.txt      50	0.24963	0.147805	0.75037
Sipht_30.txt       0	0.261342	0.966678	0.738658
Sipht_60.txt      57	0.146578	0.0928498	0.853422
---------------------------------------------------------

